11111111111111111111111111111111111111111111111111111111111111111111111111111111111111111111111111111111111111111111111111111111111111111110011111111111111111111111111111111111111111111111111111111111
11111111111111111111111111111111111111111111111111111100011111000000000111111111111111111111111111111111111111111111111111111111111111110000001111111111111111111111111111111111111111111111111111111111
11000000000000000000000000000000000000000000000000000000000000000000000000000000000000000000000000000000000000000000000000000000000000000000000000000000000000000000000000000000000000000000000000000011
11000000000000000000000000000000000000000000000000000000000000000000000000000000000000000000000000000000000000000000000000000000000000000000000000000000000000000000000000000000000000000000000000000011
11000000000000000000000000000000000000000000000000000000000000000000000000000000000000000000000000000000000000000000000000000000000000000000000000000000000000000000000000000000000000000000000000000011
11000000000000000000000000000000000000000000000000000000000001110000000000000000000000000000000000000000000000000000000000000000000000000000000000000000000000000000000000000000000000000000000000000011
11000000000000000000000000000000000000000000000000000000000111111111111111111110000000000000000000000000000000000000000000000000000000000000000000000000000000000000000000000000000000000000000000000011
11000000000000000000000000000000000000000000000000000000001111111111111111111111110000000000000000000000000000000000000000000000000000000000000000000000000000000000000000000000000000000000000000000011
11000000000000000000000000000000000000000000000000000000011111111111111111111111111000000000000000000000000000000000000000000000000000000000000000000000000000000000000000000000000000000000000000000011
11000000000000000000000000000000000000000000000001100000111111111111111111111111111110000000000000000000000000000000000000000000000000000000000000000000000000000000000000000000000000000000000000000011
11000000000000000000000000000000000000000000111111110001111111111111111111111111111110000000000000000000000000000110000000000000000000000000000000000000000000000000000000000000000000000000000000000011
11000000000000000000000000000000000000000001111111111111111111111110000111111111111111100000000000000000000000001100000011111111100000000000000000000000000000000000000000000000000000000000000000000011
11000000000000000000000000000000000000000111111111111111111111110000000000011111111111111100000000000000000000000100001111111111111000000000000000000001111000000000000000000000000000000000000000000011
11000000000000000000000000000000000111111111111111111111111111000000000000000111111111111111100000000000000000000110001111111111111110000000000000001111111000000000000000000000000000000000000000000011
11000000000000000000000000000000001111111111111111111111111100000000000000000111111111111111100000000000000000000011111111111111111111000000000000111111111000000000000000000000000000000000000000000011
11000000000000000000000000000000011111111111111111111111111000000000000000000111111111111111100000000000000000000011111111111111111111100000000011111111111000000000000000000000000000000000000000000011
11000000000000000000000000000000111111111111111111111111111000000000000011111111111111111111100000000000000000100011111111111111111111100000011111111111111000000000000000000000000000000000000000000011
11000000000000000000000000000001111111111111111111111111111100000001111111111111111111111111100000000000000000111111111111111111111111100001111111111111111000000000000000000000000000000000000000000011
11000000000000000000000000000001111111111111111111111111111111111111111111111111111111111111100000000000000000011111111111111111111111100011111111111111111100000000000000000000000000000000000000000011
11000000000000000000000000000011111111111111111111111111111111111111111111111111111111111111000000000000000000011111111111100011111111111111111110000011111100000000000000000000000000000000000000000011
11000000000000000000000000000111111111111111111111111111111111111111111111111111111111111110000000000000000000001111111111100001111111111111111100000000111100000000000000000000000000000000000000000011
11000000000000000000000000001111111111111111111111111111111111111111111111111111111111100000000000000000000000000011111111100000111111111111111100000000011110000000000000000000000000000000000000000011
11000000000000000000000000011111111111111111111111111111111111111111111111111111111111000000000000000000000000000111111111110000011111111111111100000000011110000000000000000000000000000000000000000011
11000000000000000000000000011111111111111111111111111111111111111111111111111111111111100000000000000000000000001111111111110000011111111111111100000000011110000000000000000000000000000000000000000011
11000000000000000000000000111111111111111111111111111111111111111111111111111111111111100000000000000000000000001111111111111000001111111111111100000000111111100000000000000000000000000000000000000011
11000000000000000000000000111111111111111111111111111111111111111111111111111111111111110000000000000000000000001111111111111000001111111111111100000001111111110000000000000000000000000000000000000011
11000000000000000000000001111111111111111111111111111000111111111111111111111111111111110000000000000000000000001111111111111000000111111111111100000111111111111000000000000000000000000000000000000011
11000000000000000000000011111111111111111111111111110000111111111111111111111111111111110000000000000000000000011111111111111000000111111111111110001111111111111100000000000000000000000000000000000011
11000000000000000000000011111111111111111111111111100000111111111111111111111111111111110000000000000000000000111111111111111000000111111111111111111111111111111100000000000000000000000000000000000011
11000000000000000000000111111111111111111111111111000000111111111111111111111111111111100000000000000000000001001111111111110000000011111111111111111111111111111000001111100000000000000000000000000011
11000000000000000000001111111111111111111111111111000000111111111111111111111111111111100000000000000000000000001111111111110000000001111111111111111111111111110001110001100000000000000000000000000011
11000000000000000000001111111111111111111111111111000000111111111111111111111111111111100000000000000000000000001111111111110000000000111111111111111111111000000011000001100000000000000000000000000011
11000000000000000000001111111111111111111111111110000001111111111111111111111111111111100000000000000000000000000111111111100000000000001111111111111111111000001110000001110000000000000000000000000011
11000000000000000000011111111111111111111111111110000001111111111111111111111111111111000000000000000000000000000000111111100000000000000000001111111111110000011110000011100000000000000000000000000011
11000000000000000000011111111111111111111111111110000001111111111111111111111111111100000000000000000000000000000000000011000000000000000000001111111111100000011100000011100000000000000000000000000011
11000000000000000000111111111111111111111111111100000001111111111111111111111111110000000000000000000000000000000000000011000000000000000000001111111111000000011100000111100000000000000000000000000011
11000000000000000000111111111111111111111111111100000001111111111111111111111111000000000000000000000000000000000000000011000000000000001111111111111111000000111110000111100000000000000000000000000011
11000000000000000000111111111111111111111111111000000011111111111111111111111100000000000000000000000000000000000000000111100000000001111111111111111111100000111110000111100000000000000000000000000011
11000000000000000000111111111111111111111111110000000011111111111111111111111100000000000000000000000000000000000000001111100000001111111111111111111111000000111110000111100000000000000000000000000001
11000000000000000000111111111111111111111111110000000011111111111111111111111000000000000000000000000000000000000000011111100000011111111111111110011111000000111110000111110000000000000000000000000001
11000000000000000000111111111111111111111111100000000011111111111111111111111000000000000000000000000000000000000000011111100000111111111111111000000000000000111110000111111000000000000000000000000001
11000000000000000001111111111111111111111111000000000011111111111111111111111000000000000000000000000000000000000000111111100001111111111111110000000000000000111110001111111100000000000000000000000001
11000000000000000001111111111111111111111111000000000111111111111111111111110000000000000000000000000000000000000001111111000001111111111111100000000000000000111110001111111111000000000000000000000001
11000000000000000001111111111111111111111110000000000111111111111111111111110000000000000000000000000000000000000011111111000011111111111111100000000000000000111100001111111111100000000000000000000011
11000000000000000011111111111111111111111110000000000111111111111111111111110000000000000000000000000000000001101111111111000011111111111111000000000000000000111110011111111111111110000000000000000011
11000000000000000111111111111111111111111100000000000111111111111111111111110000000000000000000000000000000000111111111111100111111111111110000000000000000000111111111110001111111111100000000000000011
11000000000000001111111111111111111111111100000000000111111111111111111111100000000000000000000000000000000000111111111111111111111111111110000000000000000000111111111110001111111111110000000000000011
11000000000000001111111111111111111111111000000000000111111111111111111111100000000000000000000000000000000000111111111111111111111111111000000000000000000000111111111100000111111111111000000000000011
11000000000000011111111111111111111111111000000000000011111111111111111111000000000000000000000000000000000000111111111111111111111111110000000000000000000000111111111100000111111111111000000000000011
11000000000000011111111111111111111111110000000000000001111111111111111111000000000000000000000000000000000000111111111111111111111111110000000000000000000000111111111000000001111111111000000000000011
11000000000000011111111111111111111111110000000000000001111111111111111111000000000000000000000000000000000000111111111111111111111111100000000000000000000000111111111000000000011111111000000000000011
11000000000000111111111111111111111111100000111111100011111111111111111110000000000000000000000000000000000000111111111111111111111111100000000000000000000000111111110000000000000111111000000000000011
11000000000000111111111111111111111111000001111111111111111111111111111110000000000000000000000000000000000000111111111111111111111110000000000000000000000000111111110000000000000011111000000000000011
11000000000000111111111111111111111111000011111111111111111111111111111110000001111111111000000000000000000000011111111111111111111110000000000000000000000001111111110000000000000011111000000000000011
11000000000000111111111111111111111111000111111111111111111111111111111110000011111111111110000000000000000000011111111111111111111100000000000000000000000001111111110000000000000011111000000000000011
11000000000000111111111111111111111111000111111111111111111111111111111110000011111111111111000000000000000000011111111111111101110000000000000000000000000011111111110000000000000011111000000000000011
11000000000001111111111111111111111111001111111111111111111111111111111110000011111111111111000000000000000000001111111111111000000000000000000000000000000111111111100000000000001111110000000000000011
11000000000001111111111111111111111111011111111111111111111111111111111110000011111110011111000000000000000000001000000001110000000000000000000000000000001111111111100000000001111111110000000000000011
11000000000001111111111111111111111111111111111111111111111111111111111100000011111110001111000000000000000000000000000000000000000000000000000000000000011111111111110000011111111111100000000000000011
11000000000001111111111111111111111111111111111111111111111111111111111100000011111100001111000000000000000000000000000000000000000000000000000000000000111111111111111111111111111111100000000000000011
11000000000001111111111111111111111111111111111111111111111111111111111100000011111110000111000000000000000000000000000000000000000000000000000000000001111111111111111111111111111111100000000000000011
11000000000001111111111111111111111111111111111111111111111111111111111000000001111110000111000000000000000000000000000000000000000000000000000000000011111111111111111111111111111111100000000000000011
11000000000001111111111111111111111111111111111111111111111111111111111000000001111110000111100011111111100000000000000000000111111000000000000000000011111111111111111111111111111111000000000000000011
11000000000001111111111111111111111111111111111111111111111111111111110000000001111111000111111111111111100000000000000000001111111110000000000000000011111111111111111111110011111110000000000000000011
11000000000001111111111111111011111111111111111111111111111111111111110000000000111111111111111111111111101100000000000000111111111110000000000000000011111111111111111111100000000000000000000000000011
11000000000001111111111111110001111111111111111111111111111111111111100000000000111111111111111111111111111110000000000001111111111111000000000000000011111111111111111111000000000000000000000000000011
11000000000000111111111111110000111111111111111111111001111111110000000000000000011111111111111111111111111110011111110011111111111111100000000000000001111111111111111111000000000000000000000000000011
11000000000000111111111111110000011111111111111111110001111111110000000000000000001100111111111111111111111110011111000001111111111111100000000000000000011111110000011111000000000000000000000000000011
11000000000000011111111111110000001111111111111111100001111111110000000000000000000000011111111111111111111110011111000001000111111111100000000000000000000000000000001111000000000000000000000000000011
11000000000000011111111111100000011111110111111110000000111100000000000000000000000000001111111111111111111110011110000011000111111111110000000000000000000000000000000111000000000000000000000000000011
11000000000000001111111111100000011111110001111000000000000000000000000000000000000000000111111111111111111111111100001111000011111111111000000000000000000000000000000000000000000000000000000000000011
11000000000000000111111111111000011111100000000000000000000000000000000000000000000000000011111111111111111111111000001111000001111111111100000000000000000000000000000000000000000000000000000000000011
11000000000000000011111111111000011111100000000000000000000000000000000000000000000000000001111111111111111111100000001111100001111111111111000000000000000000000000000000000000000000000000000000000011
11000000000000000001111111111000111111100000000000000000000000000000000000000000000000001111111111111111111111100000111111111111111111111111000000000000000000000000000000000000000000000000000000000011
11000000000000000001111111111000111111110000000000000000000000000000000000000000000001111111111111111111111111100001111100001111111111111111100000000000000000000000000000000000000000000000000000000011
11000000000000000000111111110000111111110000000000000000000000000000000000000000000011111111111111111111111111100001111000000111111111111111111000000000000000000000000000000000000000000000000000000011
11000000000000000000011111110000111111111000000000000000000000000000000000000000000111111111111111111111111111100000111000000011111111111111111000000000000000000000000000000000000000000000000000000011
11000000000000000000011111110000111111111100000000000000000000000000000000000000001111111111111111111111111110000000011000000011111111111111111100000000000000000000000000000000000000000000000000000011
11000000000000000000011111110000111111111100000000000000000000000000000000000000011111111111111111111111111000000000001100000111111111111111111100000000000000000000000000000000000000000000000000000011
11000000000000000000011111111001111111111110000000000000000000000000000000000001111111111111111111111111100000000000001110111111111111111111111100000000000000000000000000000000000000000000000000000011
11000000000000000000011111111111111111111110000001111111110000000000000000000011111111111111111111111110000000000010000111111111011111111111111110000000000000000000000000000000000000000000000000000011
11000000000000000000111111111111111111111110000011111111111110000000000000000111111111111111111111100000000001111110000111111110000011111111111110000000000000000000000000000000000000000000000000000011
11000000000000000000111111111111111111111110000111111111100111110000000000011111111111111111111100000000000011111110000111111110000001111111111110000000000000000000000000000000000000000000000000000011
11000000000000000001111111111111111111111110001111111111000000111100000001111111111111111000000000000000011111111110000111111111000000111111111111000000000000000000000000000000000000000000000000000011
11000000000000000001111111111111111111111110001111111111000000001111111111111111111111100000000000000001111111111110000111000001000000111111111111100000000000000000000000000000000000000000000000000011
11000000000000000001111111111111111111111110001111111111100000000000011111111111110000000000000000001111111111111110000111000000100000111111111111100000000000000000000000000000000000000000000000000011
11000000000000000001111111111111111111111100001111111111110000000000001111111111000000000000000111111111111111111110000111000000110000111111111111110000000000000000000000000000000000000000000000000011
11000000000000000000111111111111111000001000000111111111111000000000001111111111000000000000111111111111111111111110000011100000110001111111111111111000000000000000000000000000000000000000000000000011
11000000000000000000111111111111110000000000000111111111111100111110011111111111000000011111111111111111111111111111000001110000100001111111111111111110000000000000000000000000000000000000000000000011
11000000000000000000011111111111100000000000000111111111111111111111111111111111100001111111111111111111111111111111100001111000100001111111111111111111000000000000000000000000000000000000000000000011
11000000000000000000011111111111000000000000000111111111111111111111111111111111111111111111111111111111111111111111100000111101100011111111111111111111110000000000000000000000000000000000000000000011
11000000000000000000011111111111000000111000000111111111111111111111111111111111111111111111111111111111111111111111110001111111100011111111111111111111111111110000000000000000000000000000000000000011
11000000000000000000011111111110000001111000000111111111111111111111111111111111111111111111111111111111111111111111111111111111100011111111111111111111000001111110000000000000000000000000000000000011
11000000000000000000011111111110000011111000000011111111111111111100000001111111111111111111111111111111111111111111111111000111110011111111111111111111000000011111000000000000000000000000000000000011
11000000000000000000001111111110000011110000000011111110011111111100000000000000111111111111111111111111111111111111111111000111111111111111111111111111000000000111100000000000000000000000000000000011
11000000000000000000001111111100000011110000000001111100001111111111000000000000000111111100011111111111111111111111111111001111100000000000011111111111111100000000110000000000000000000000000000000011
11000000000000000000001111111000000011110000000001111100001111111111110000000000000000000000011111111111111111111111111111111100000000000000001111111111111111000000100000000000000000000000000000000011
11000000000000000000001111111000000011100000000000111100000111111111111100000000000000000000011111111111111111111100000111000000000000000000001111111111111111110000100000000000000000000000000000000011
11000000000000000000000111111000000111100000000000011100000011111111111111111111000000000000111111111111111111000000000000000000000111110000001111111111111111111100110000000000000000000000000000000011
11000000000000000000000000110000000011000000000000011100000001111001111111111111111110000011111111111111111110000000000000000001111111111111111111111111111111111111111000000000000000000000000000000011
11000000000000000000000000000000000011000000000000011110000000000000111111111111111111111111111111111111111110000000000000000111110011111111111111111111111111111111111100000000000000000000000000000011
11000000000000000000000000000000000000000000000000001111000000000000111111111111111111111111111111111111111111111111111111111111100000000001111111111111111111111111111110000000000000000000000000000011
11000000000000000000000000000000000000000000000000001111100000000011111111111111111111111111111111111111111111111111111111111111000000000000001111111111000111111111111110000000000000000000000000000011
11000000000000000000000000000000000000000000000000000111111000001111111011110000000000111111111111111111111111111111111111111100000000000000000111100000000000000000111100000000000000000000000000000011
11000000000000000000000000000000000000000000000000000011111111111110000000000000000000000000000000001111111111111111111111110000000000000000000000000000000000000000000000000000000000000000000000000011
11000000000000000000000000000000000000000000000000000001111111100000000000000000000000000000000000000001111111111111111110000000000000000000000000000000000000000000000000000000000000000000000000000011
11000000000000000000000000000000000000000000000000000000000000000000000000000000000000000000000000000000001111111110000000000000000000000000000000000000000000000000000000000000000000000000000000000011
11000000000000000000000000000000000000000000000000000000000000000000000000000000000000000000000000000000000000000000000000000000000000000000000000000000000000000000000000000000000000000000000000000011
11000000000000000000000000000000000000000000000000000000000000000000000000000000000000000000000000000000000000000000000000000000000000000000000000000000000000000000000000000000000000000000000000000011
11000000000000000000000000000000000000000000000000000000000000000000000000000000000000000000000000000000000000000000000000000000000000000000000000000000000000000000000000000000000000000000000000000011
11000000000000000000000000000000000000000000000000000000000000000000000000000000000000000000000000000000000000000000000000000000000000000000000000000000000000000000000000000000000000000000000000000011
11111111111111111111111111111111111111111111111111111111111111111111111111111111111111111111111111111111111111111111111111111111111111111111111111111111111111111111111111111111111111111111111111111111
11111111111111111111111111111111111111111111111111111111111111111111111111111111111111111111111111111111111111111111111111111111111111111111111111111111111111111111111111111111111111111111111111111111
